100 100
1 57
1 14
1 37
1 100
1 69
1 19
1 97
1 74
1 66
1 98
1 77
1 38
1 4
1 97
1 39
1 74
1 51
1 72
1 68
1 62
1 66
1 26
1 65
1 10
1 99
1 1
1 91
1 59
1 59
1 96
1 19
1 66
1 8
1 50
1 69
1 17
1 57
1 57
1 32
1 57
1 10
1 52
1 67
1 28
1 77
1 43
1 27
1 40
1 76
1 34
1 81
1 63
1 56
1 80
1 37
1 17
1 9
1 14
1 15
1 46
1 11
1 97
1 37
1 64
1 37
1 80
1 73
1 81
1 43
1 77
1 96
1 37
1 57
1 14
1 95
1 47
1 90
1 15
1 30
1 92
1 99
1 26
1 38
1 56
1 25
1 77
1 7
1 35
1 88
1 11
1 62
1 71
1 56
1 26
1 34
1 16
1 63
1 37
1 82
1 88
1 67
1 8
1 29
1 3
1 48
1 13
1 69
1 19
1 7
1 18
1 55
1 27
1 1
1 22
1 5
1 50
1 19
1 36
1 40
1 34
1 14
1 4
1 16
1 8
1 18
1 1
1 72
1 46
1 43
1 29
1 7
1 18
1 8
1 42
1 48
1 16
1 56
1 52
1 7
1 16
1 2
1 2
1 19
1 5
1 51
1 29
1 11
1 21
1 20
1 18
1 52
1 58
1 38
1 67
1 31
1 5
1 7
1 5
1 6
1 14
1 4
1 81
1 32
1 15
1 13
1 3
1 67
1 43
1 28
1 34
1 23
1 26
1 29
1 2
1 74
1 32
1 29
1 14
1 30
1 31
1 91
1 7
1 5
1 17
1 12
1 54
1 12
1 14
1 9
1 9
1 40
1 11
1 12
1 12
1 7
1 6
1 44
1 18
1 1
1 100