4882
62535412 62542106
36668995 36676588
60378848 60389260
30255170 30265084
40053562 40062645
10822894 10831850
40682754 40691305
49193176 49200764
59666953 59677300
52101687 52111039
4752389 4760050
44845301 44852519
9975521 9983341
24546990 24552977
24390074 24399791
28729785 28735574
40731708 40739005
38985829 38994023
10437426 10446593
62066485 62076856
23904779 23911817
50939171 50945904
2038093 2047043
26143480 26150439
66985032 66995971
41281859 41291127
57878009 57888754
2904112 2914956
52236301 52248325
27291301 27299795
33913817 33925736
54691906 54702424
22522228 22530299
31121476 31132232
70871678 70878231
56049513 56057191
13811514 13818913
644793 653526
71895214 71901306
61158630 61168955
30966088 30973317
30351911 30358388
22602934 22610003
39700941 39709563
5454587 5461597
30161013 30171653
72635288 72645079
55330513 55337492
27054331 27061933
32428168 32440283
6161282 6169118
52526683 52533580
8016134 8024230
12210427 12220361
71891168 71896289
10530748 10539942
23600377 23608035
70673847 70679879
65135280 65143893
60023660 60034895
70787198 70795448
3968828 3980267
30003756 30011300
23722892 23732078
13984704 13994353
62703887 62715019
47106477 47115905
31683991 31694441
4335913 4345449
40137172 40149550
1761573 1771377
24454647 24462587
37389716 37398242
44059776 44068055
71768216 71780558
12963811 12973217
35931132 35941238
34438932 34450599
32337276 32344611
50056846 50063587
4931729 4940528
67792467 67804330
11480001 11489787
41223260 41234200
24602416 24611815
62112257 62121369
5499443 5508501
6061137 6073848
70935700 70945784
50126776 50135826
25894502 25900181
43711189 43718482
46563106 46571445
45648214 45655714
58894486 58902689
19233479 19242985
55369432 55376593
29901728 29908900
53761103 53769595
42936073 42943830
63135428 63145146
46951558 46960679
31571288 31581049
60968860 60978571
5408477 5419416
12736522 12743921
5562180 5574889
9360881 9367748
25286597 25295165
62652890 62660695
55902714 55908072
41112371 41120705
6548159 6556208
43251057 43261517
31971318 31978030
60047227 60053945
6852949 6864110
58908840 58919374
13530483 13538913
14595468 14606463
42298688 42306429
53072319 53079095
33568427 33577768
50680157 50689808
32264832 32276921
30212460 30219188
6682893 6692082
4502983 4514034
32042594 32050538
72015653 72023915
5713613 5723703
11986704 11999623
12325045 12334418
62229340 62237594
64697733 64706466
53020971 53028680
6121729 6127476
356525 363631
71382528 71392211
20372741 20383336
73582336 73591230
32078052 32083805
7053158 7063397
38893259 38901517
22836259 22843997
52618562 52627671
39591478 39599224
59988907 59996922
9946951 9953424
10151783 10158324
40875101 40886338
60505144 60511500
34192062 34199137
9437098 9446089
52898744 52906971
57495629 57501683
22361652 22372442
70943422 70952565
25804973 25814484
28861195 28867971
73711599 73721927
21802327 21811604
40146155 40157922
43746228 43757368
43119970 43130168
74057892 74067205
72740733 72749378
38708657 38718433
49518451 49528006
35593266 35600179
53469321 53478882
4971845 4984362
48631527 48642319
51578996 51590685
57211720 57219178
20882329 20890901
37796328 37807655
72310292 72321592
1748658 1757056
24588298 24598860
497439 507402
72168445 72178358
20367563 20374722
24327262 24335052
64028867 64038510
72336340 72344055
52733956 52744381
28589417 28598927
50707347 50717773
34068515 34077741
20612749 20623590
6435127 6442897
45294927 45302806
48754292 48762022
24707501 24716802
11252724 11260969
68123871 68133532
54242086 54248894
37638082 37646014
13026706 13037038
14967239 14976985
30400582 30409843
73704696 73712324
37317905 37327084
8489898 8497052
32542277 32548113
30170508 30180516
74555617 74562483
855611 865581
43981665 43990179
29691986 29699699
67046741 67055686
43754577 43763920
30923193 30930543
48281306 48291759
44741800 44748882
63929941 63936567
41875633 41885712
23400568 23411160
38603589 38613790
35823629 35831543
18954073 18965913
34413937 34421540
26873990 26885318
71736520 71743959
14705994 14714235
42360205 42370355
23823383 23832084
994952 1003675
63367943 63377016
66565947 66576683
63952559 63962274
21370809 21378385
59397872 59405407
6587013 6597298
12455953 12461966
69777287 69787933
57594651 57606967
51251997 51259940
1549726 1559223
8319016 8330293
11798251 11805123
30090001 30099187
25335430 25346384
37058083 37064653
21672286 21683252
15748996 15756438
38154818 38164460
29669705 29677090
41374374 41381479
60674525 60686382
40760264 40770113
28122112 28129447
38734076 38744484
33734790 33745275
39921071 39927045
8207156 8216094
21652282 21659401
67664330 67671818
33218917 33224506
40099305 40108833
50828100 50839144
34449145 34460465
8009276 8018771
73900838 73911494
43506050 43512262
36460571 36470047
7458271 7466534
22172169 22179949
33313061 33322369
12822663 12831031
54779012 54789698
3522431 3530133
52946957 52956776
60881029 60891126
71403190 71413454
26549171 26558772
4125496 4134668
18648589 18659878
73163345 73175000
44838734 44846055
43084475 43094893
5319239 5329027
50607655 50617883
58853172 58863321
44969623 44981351
6706415 6716798
67099292 67110316
7642455 7654721
66626417 66632863
46159862 46167861
31131859 31137708
32486522 32496725
59611738 59622389
7955529 7965771
73574673 73582923
33620833 33632147
69588130 69598316
14818931 14828781
56006727 56017588
15960619 15968656
17793992 17807291
32028417 32038822
56028662 56035981
39151593 39163246
38128540 38139929
72884993 72891689
31819181 31828123
14983313 14992124
59419654 59429271
22089718 22100628
69562772 69574088
42815366 42821752
4090233 4097632
60628061 60640190
21027909 21035510
5601803 5608753
12506764 12515797
11051802 11061676
3998550 4008606
52640997 52651217
59119238 59128043
34340262 34347250
7111067 7118204
56638833 56646518
14504869 14515215
52863537 52872694
42474042 42482711
57708299 57715636
64245747 64255405
62444194 62452676
69304241 69311401
31236236 31244155
37208919 37215999
66894202 66901605
46705890 46714797
68466542 68477995
12017164 12028098
56576822 56586412
15003649 15012505
53646819 53656147
14457978 14467038
49695013 49702802
51957127 51966394
38961155 38970799
41573276 41582093
45311504 45321308
56761466 56770780
43976048 43983727
45563323 45574826
34575281 34581510
68399735 68411243
50438396 50445314
34224484 34232857
40885833 40891806
55529916 55539644
44663265 44671634
56768548 56780621
23286124 23293292
43761830 43772647
32055498 32064835
25871544 25878174
27438070 27449353
41317613 41325960
64045818 64055784
68966115 68976323
49959522 49966616
60697466 60710128
36685927 36693936
11173654 11179883
49858269 49866403
38796412 38805423
43546807 43556728
8836418 8846627
14825959 14837775
4375438 4384957
10890678 10899318
6713732 6723465
72545697 72552173
30978926 30989099
48175938 48184388
48861854 48871951
362171 372852
24246457 24253991
30339955 30352260
6406580 6415766
7143479 7152600
72063557 72071225
48183953 48194301
2698134 2706870
28842557 28852695
47418466 47425688
22570065 22578040
17667334 17675685
62158973 62167471
9401085 9411563
31300893 31311158
46129755 46135826
29714898 29725087
67569473 67575837
34564256 34569846
63920824 63931000
68278918 68290157
16802449 16812816
57053220 57066331
72404753 72415940
29346616 29355838
42810149 42816115
4815440 4826237
74514157 74526349
15587346 15596521
71591079 71597740
26913281 26923723
42082793 42093630
2582346 2590275
30901 37597
55873277 55880325
2997291 3006343
52872307 52878903
58179471 58189709
1156210 1168283
65890483 65898680
32894296 32902798
73836899 73843126
1102146 1110635
28604679 28611864
43538820 43550194
42342746 42350852
42717009 42726436
30573121 30581577
14528271 14536422
14227123 14236403
66254778 66261294
54273479 54283110
33900638 33909209
48367770 48378487
23558686 23567134
74295533 74303962
9672728 9682666
55702022 55712794
27366531 27377248
30195099 30205209
41665349 41676941
67032806 67042372
20581043 20592505
24044162 24052528
20444615 20453588
8259894 8268788
43042840 43052428
23612844 23619575
72644418 72655006
67246843 67257151
68058608 68066990
38247146 38256889
69996083 70004278
36422798 36431303
59880670 59889465
24008495 24017464
21212510 21220692
38818366 38828995
14640615 14649875
19868570 19879357
32366484 32374668
35791289 35800920
37197846 37209551
72177247 72187817
65337101 65345612
69341952 69347566
34298374 34310190
17508571 17514540
36770568 36778530
9929940 9936482
54707532 54717549
40310768 40316512
2087138 2099255
39045398 39055968
61102110 61109075
126041 135082
33839188 33846411
41546030 41556921
69628014 69637019
63859415 63867807
4999428 5006867
2261584 2270011
42763116 42771431
7861615 7871865
63622964 63632274
42988369 42999147
68884406 68892523
29756577 29767910
48548364 48556991
25243894 25255283
2434148 2442603
32349402 32360935
36950645 36957524
22842565 22853558
23062778 23072779
4671747 4681512
66665113 66674137
41640346 41651642
37873125 37884444
2307337 2316739
66074168 66082237
74601004 74611469
28232447 28241453
68356941 68367057
42481560 42490035
67719315 67726766
46152152 46159921
37115104 37122907
66450709 66457989
22738950 22749490
45369601 45379181
39669563 39679978
65859508 65868440
65957270 65967710
51354124 51361062
2884798 2892372
74371713 74377954
3190867 3202783
35227820 35235346
52977504 52985975
74261583 74269794
2146312 2156316
70951087 70959742
3376436 3384397
68149102 68157625
25928116 25936941
32680037 32688181
27429914 27440928
15601439 15609638
34419404 34426811
15925974 15937670
1810461 1816550
47070041 47078625
43777828 43786997
43401854 43409390
43384512 43393135
10996294 11005181
33846189 33853573
9234135 9242582
51217253 51229208
56663031 56668786
2988892 2998883
30407574 30419699
21991011 21997321
29507559 29516687
66345234 66351365
48150250 48156879
50142970 50151510
22636619 22647420
38858706 38866860
40225391 40231176
5784578 5791852
38023427 38034458
23430972 23438694
64536875 64548297
54164906 54174131
7836532 7848659
11637066 11648471
37190658 37201139
22336669 22347613
17786241 17797640
28108661 28114490
27776932 27784809
62385878 62396628
36568776 36579040
4131735 4140335
1055151 1064664
16990467 16998087
47848952 47855789
18247211 18257967
17018945 17027706
67229075 67240147
65980066 65986438
26999357 27007964
63579777 63589615
45700151 45710763
5461394 5470265
52569622 52578619
17956543 17966690
10346743 10355091
6196282 6206584
74175247 74187240
41691235 41699617
18993712 19001255
22129736 22137749
69845326 69852828
36450227 36462753
22970348 22979752
10492445 10500117
21361636 21372068
36782540 36793021
36127801 36133921
69202523 69210257
41455166 41462657
52667738 52675717
74546833 74555953
36202276 36212447
8295381 8304767
66877236 66887611
42001333 42011950
39226238 39235066
61553421 61562250
31044727 31052847
19143778 19151433
51836933 51848572
24609928 24616852
30778240 30786615
69763690 69770940
62922020 62933297
39092721 39099914
17414936 17424695
31767824 31774784
22327592 22337811
21294968 21305138
2425932 2434594
16935422 16945258
46614010 46624047
56644920 56654704
31773417 31781711
59844105 59853006
72098467 72107810
29414916 29421722
64074419 64081842
31504884 31516762
25154223 25163669
28135535 28146282
47523706 47531258
42517720 42527876
70335033 70343947
16103403 16109058
30890761 30897178
42972914 42980382
18930567 18941283
52044843 52053878
5938313 5947565
62728383 62737418
2594337 2603222
62510729 62521397
61646791 61657961
3370382 3377208
1696246 1703912
13672175 13680720
29826134 29837143
27248992 27259347
23437632 23448231
12395684 12402683
67658030 67664858
71799222 71810620
37486116 37495683
25236861 25246486
58371164 58380806
61945887 61954962
16843933 16851497
60109267 60116931
50967612 50975354
29433201 29442697
72614908 72624956
44588371 44597834
73235065 73243012
21553741 21561334
17003538 17012761
15129771 15141155
17499685 17508883
61062599 61073643
52962554 52972271
73386555 73394008
57144081 57155813
51130781 51139374
23015387 23026665
12751098 12758584
91939 100214
74522849 74531741
17951670 17957767
8609799 8616005
64739659 64748694
16048746 16057937
59865790 59873319
22926028 22933948
60010805 60017590
1621427 1630069
28445267 28452578
61655126 61664999
33542083 33553662
21996380 22006544
1938161 1948209
67013425 67020516
68088595 68096249
13798485 13804401
6009889 6015827
55968943 55978236
23713347 23722979
47752436 47758612
21020164 21028155
1478795 1488082
29930489 29939680
1856215 1865970
20226953 20233574
26262080 26270785
16079968 16090036
20435115 20445983
38238823 38247626
46031680 46042510
36674791 36685985
43069685 43078461
20302023 20312380
38552006 38562867
13558400 13566955
4243106 4252120
24146899 24154760
74438768 74450336
51503665 51511857
55782515 55791537
43636560 43645223
19070641 19081880
11622395 11631467
6672283 6678041
35454885 35464691
36483304 36494442
38448039 38457123
25854633 25863730
55628400 55638454
54877383 54885688
66366517 66376651
60528562 60540159
4479449 4490451
33522603 33529974
74170216 74177526
27856428 27868279
55089272 55100678
44944444 44954861
20727115 20737846
56189106 56199385
48439321 48446503
12702272 12709651
59755595 59765529
32711741 32720306
68674887 68683223
34775428 34787648
30358169 30367378
35256981 35268619
51003528 51011180
29796998 29807483
31488821 31501449
13073153 13080567
12371711 12380574
13192374 13202132
1687297 1698608
59477413 59484083
63028077 63039676
54254347 54260668
67767248 67778408
12426061 12434175
42279457 42286560
70414133 70424779
7877423 7883835
35899992 35910127
36749280 36756540
35327867 35333446
68713797 68722261
74742253 74753452
10863072 10872707
49532597 49544398
29882746 29895342
18432850 18442207
39460359 39469467
26014979 26023510
20192883 20201643
35386577 35398082
18598409 18606341
16280331 16288803
12615419 12623536
62481893 62488775
15138018 15148945
16345018 16353151
36444324 36453164
26618330 26627670
51184475 51194556
3249030 3260735
16909507 16917017
41309627 41317650
56230562 56238771
2960828 2972702
18299593 18310207
59254577 59265701
37380917 37391639
35046445 35055419
64935818 64942515
52710704 52719532
24252428 24262621
72550081 72557808
15335430 15345795
10106913 10117028
20787466 20793500
1946550 1957853
11864115 11872046
21382951 21389837
20640179 20649206
68740738 68749509
65731776 65741930
44319567 44329311
68133279 68141718
44274955 44283719
71779196 71786467
7003511 7015455
55031611 55043684
3863141 3870009
27242262 27251056
17805189 17814567
39880594 39892460
36841466 36849058
3538112 3545343
34179309 34187163
13710254 13716417
57761068 57769882
5992453 6003434
66536173 66547522
11734660 11740051
30366691 30374828
1140121 1150887
46324242 46331549
34689582 34701035
51207683 51219491
67752438 67763432
929585 936741
17272199 17280949
25688610 25695996
5294583 5302465
64900507 64911060
38657139 38666287
813070 823198
61752464 61762156
39604783 39614303
10573612 10584645
29219153 29228317
71924868 71935147
47765419 47772704
64706382 64711999
45118535 45128247
26248534 26257074
57848314 57857279
48381625 48391353
62616906 62623262
64445371 64454328
54063933 54076795
7036917 7046844
20458315 20466917
52274712 52282536
17833498 17839659
58367279 58372800
58033083 58043039
28280261 28291129
47014278 47026394
68320810 68329435
66901116 66908740
69729915 69738756
8918693 8925109
22509733 22518718
6829211 6840035
13660892 13667686
19000025 19009663
67392869 67398998
50646737 50654052
47861307 47871894
17331667 17341177
2782810 2791171
69927181 69936953
5545499 5556323
7169767 7176270
61640342 61649066
62937789 62946351
41323453 41331582
60115356 60124329
38536201 38546631
57901955 57911295
19509142 19519830
8788414 8799873
12800637 12811732
69054598 69060870
42888246 42896928
8438253 8447070
12191177 12200796
29922634 29933300
31281393 31293435
37917339 37925845
62785471 62792693
34833933 34842640
71915977 71925558
58526826 58535555
9854573 9860989
1972726 1980794
4546157 4552687
74712144 74721292
54518152 54527519
10381330 10391715
39800219 39808942
30286658 30293603
29079827 29091693
63222732 63234175
63778624 63787262
8157513 8165704
22503394 22512180
25031822 25039866
71239930 71251345
27075867 27086791
19299483 19310979
66833800 66843887
25922161 25928338
6054478 6063997
57520711 57528788
22891676 22898170
21825702 21833390
13331456 13341223
71616774 71625121
63181110 63191492
36362638 36371263
33824108 33833570
44354687 44366233
31529597 31538163
46576614 46588711
12533300 12540397
30080987 30090174
61129078 61137786
9032419 9041154
55736935 55746187
66409062 66418397
22217037 22225375
19121919 19131049
59737852 59748897
51606818 51617298
28535848 28544003
66080493 66087820
50077292 50088039
50717610 50724664
19449943 19458597
7013457 7020696
1800095 1811288
18621572 18628315
743449 750707
74072204 74080462
58189200 58199269
71512351 71521925
44669430 44679440
39807144 39815247
70830826 70839405
11810057 11818045
45024981 45034673
33807256 33818175
38279623 38285336
28689177 28698093
65812445 65821830
14435627 14443905
44146915 44156096
54005052 54012952
50548630 50555749
15010919 15019922
71062382 71069839
1614162 1624901
52582706 52592283
72778433 72788987
12107901 12114303
63881802 63888033
42052971 42063142
57477242 57489898
19240761 19251331
68566117 68577992
70778717 70788277
59785554 59793136
60846378 60854354
12716738 12723917
37597125 37604305
27746735 27756382
61115381 61123890
25984544 25995192
58385243 58393908
73565445 73576272
18358665 18368780
27986327 27996248
46622809 46630587
53372407 53381293
22932264 22940242
3358689 3371012
54675221 54685481
8934029 8941607
13360779 13368367
35705346 35711992
70076046 70084844
15032044 15038621
29260269 29269734
20647632 20657536
13323065 13331785
29314791 29323051
41949086 41955521
1293169 1299966
32463407 32469778
74483867 74493958
56184570 56190356
51614062 51626047
56355582 56362294
65350533 65358407
35967730 35977888
592438 603897
66978190 66987929
35397085 35407792
32331567 32338495
5087355 5098232
45979819 45985690
54525949 54537425
39252000 39261553
41118322 41128798
17441025 17452230
42009011 42018470
69266829 69274543
40697742 40708009
74468395 74478818
70727802 70736133
14239674 14246450
52263904 52269772
65400423 65411527
59773732 59781528
920333 930984
65771611 65778108
14337428 14349503
20978838 20988054
55600698 55608530
10923222 10930748
46191393 46200945
11086435 11096112
4529099 4536797
8588041 8594253
63680859 63689768
21318823 21325634
68890227 68899362
2028673 2035004
5343936 5351709
17607304 17616988
31413871 31421583
479778 490273
55680280 55689636
31810469 31819234
63853276 63862023
46786112 46793441
41256663 41266938
42285859 42294814
32935713 32942117
67164804 67174457
35526128 35536793
43611593 43621929
68441173 68449270
23245835 23253864
25935928 25943267
35606478 35615879
14058505 14066865
37547966 37557170
50196733 50207084
27616032 27627288
33907478 33916488
48822934 48829512
67509545 67520886
13839274 13851183
55100566 55109212
33559561 33570319
53361281 53368005
71899292 71910591
9758547 9768956
10247911 10254951
60874918 60883898
38479468 38488850
37237739 37244608
5133590 5141410
57076651 57086863
6542520 6550970
10460442 10472113
44857698 44865220
9634142 9640884
48760816 48771704
48397232 48405922
36520121 36528118
73944226 73953348
8593540 8601310
3728838 3736126
28482689 28492530
39892418 39899276
38427671 38437910
42526873 42535900
68302060 68313934
40725372 40732792
66726542 66739136
44439176 44450147
12310075 12319156
26906656 26914571
41103012 41114967
41347059 41359332
56898330 56903927
20032087 20041836
52080346 52089130
27059823 27069204
26774811 26786403
36070382 36079456
49551677 49562885
50299505 50309965
26716634 26725748
16057095 16065553
74409260 74418134
18831626 18842221
74505770 74517615
72366428 72376112
67693804 67703462
51666640 51674789
15457020 15467236
71085081 71095576
31148832 31157752
27913524 27923109
34727568 34735016
17392673 17398869
41137129 41145756
72716901 72728704
28114037 28122758
44066244 44076680
57422027 57433533
20974632 20980657
25775131 25784567
15514009 15524008
53932542 53941600
30902786 30909336
3436611 3444512
11534128 11544583
21565839 21577521
73331604 73342072
62324929 62336946
68486989 68496932
10642621 10648003
48586742 48593133
63275763 63287235
13253745 13263627
17582361 17590401
57403585 57413231
37413369 37421934
43801121 43808787
46921411 46930640
27846448 27859179
23210220 23223884
19630169 19638217
50347025 50356591
39997201 40003236
7123279 7129872
43913630 43921730
68790094 68799365
28420556 28431547
36693492 36699402
66574973 66582764
20380939 20389257
61533963 61541312
59203249 59211035
66044316 66056959
4964834 4974463
27872981 27880673
67675690 67688199
60148101 60160335
26277182 26284213
53090063 53099392
50262272 50269200
21794472 21804857
9054597 9065605
33356798 33368026
13440800 13447140
16949310 16960388
42257788 42266616
26882382 26892957
1090544 1096362
13564305 13576387
70138577 70150762
73363634 73374153
47683867 47692903
50802608 50811846
38741339 38752377
25766005 25778651
62180463 62190543
5571780 5582256
35521232 35527454
73764903 73773375
2574087 2583828
6921990 6931632
71227644 71236894
23202499 23213928
46238043 46247812
40452155 40458828
37603956 37612797
55426461 55439723
2015397 2021689
16402206 16414594
56165663 56176926
41479864 41486395
10684727 10693330
15594708 15602461
11823828 11832623
49461371 49470741
64340446 64350133
70543521 70550911
46586119 46597321
27633145 27643670
72696737 72704533
57272651 57281792
14908659 14917537
37449789 37458641
3631711 3639940
8352265 8362831
54247269 54254363
32395044 32406445
60539830 60546513
22200864 22212041
73647422 73658403
10193948 10204250
18743421 18754162
118243 127372
42642409 42650482
27878644 27888100
48889074 48898800
18635262 18644612
62722699 62730260
619396 627670
52689606 52698827
56070760 56082349
21699764 21710543
45859041 45868863
9640298 9649299
1345936 1357292
53787530 53795681
57826842 57836415
62363517 62372986
36821050 36828231
34841620 34848257
1449751 1457333
70888875 70897318
18456771 18465292
2321799 2329978
62429140 62439359
58211517 58219992
8075753 8084378
17616538 17625214
44166798 44176039
31835410 31843737
12679137 12690341
12657876 12666071
59391066 59400225
38945022 38954823
38217848 38225484
14450486 14458074
44555909 44566380
4355056 4362870
74351759 74358841
30246123 30257313
49366952 49374945
73967904 73975438
43897139 43906407
67350481 67357939
33407927 33416058
44891936 44901201
9740965 9750991
21890056 21896569
67940377 67951204
53197273 53205044
52991016 52999780
68804497 68816809
14850701 14859585
49526602 49534897
49309885 49322817
42046254 42054738
50206042 50213562
19934676 19943890
43460466 43470524
20951104 20960070
8272204 8281488
23163394 23172358
41192405 41201284
34856821 34867243
68729433 68736792
23324928 23332604
39653516 39663178
34431080 34442240
8782723 8790387
3952683 3962594
15822469 15835271
66850475 66860808
40011168 40018735
18736543 18744835
57180544 57190272
42603417 42612296
51263398 51272068
63143720 63150193
73744044 73753290
17295973 17306185
19975067 19981766
73918224 73927996
41555290 41564066
73892874 73902809
30565563 30573904
49455808 49463452
9346050 9355812
41819243 41825209
62372910 62381820
57627149 57637570
53862727 53871020
54714858 54725329
30309156 30319420
64330417 64341195
74009010 74017611
55157306 55166953
19516815 19526937
40807172 40814220
41152438 41160108
32141581 32153229
65579683 65588358
11615155 11625295
42160707 42169699
67116940 67128830
69935492 69943655
2204252 2210649
18231510 18242018
49663632 49674092
49835971 49844734
16614229 16625571
52206702 52213843
16244591 16256209
58295421 58306814
6564054 6569794
19862989 19871308
35158922 35165129
29813446 29822863
61921525 61929234
38326427 38334168
67182589 67189553
25316734 25323182
27974151 27981873
54371566 54381270
22435608 22443777
20013821 20022997
13773538 13782241
55068194 55076981
52625522 52634615
16063111 16074864
49982365 49991923
40707453 40716435
78219 85883
57537476 57545769
40625257 40634314
46831981 46840687
71493157 71500216
27866120 27873816
32817977 32824560
12333038 12341220
29994712 30004415
11339098 11349386
62621935 62628862
4234591 4244582
33211072 33219398
4303989 4312118
43563881 43573357
62308821 62320718
74112658 74124832
62609687 62618059
74344088 74352635
63708457 63719196
47808346 47817567
31163468 31170151
73230471 73236263
56703755 56716102
27936537 27945473
32911575 32921419
2712264 2720315
69173042 69181454
35947148 35955114
60609267 60617038
21683237 21691758
16736339 16746927
36546142 36554270
41971502 41981891
57551902 57560903
74529398 74541587
19769237 19778530
36091437 36101076
46229207 46234847
21637089 21645885
28655504 28666741
3817148 3824881
41538032 41549549
42197044 42204865
20681949 20688550
61078062 61090351
58158729 58164786
10635235 10642737
58041023 58050824
53766927 53775961
8148773 8158699
68548109 68556199
55195605 55204280
13955769 13963634
40832816 40841679
40367970 40375056
27519127 27531808
41033278 41041739
14364221 14374413
3622888 3633172
54112398 54121198
36732713 36740206
74758448 74767625
22270025 22278144
41449331 41456485
72897926 72910077
50443756 50450591
64417025 64426767
50622822 50632339
49923486 49934351
29650842 29659049
73488453 73494818
66396879 66409592
7514486 7526264
65237616 65246448
15025345 15033441
36716714 36728580
32171920 32184553
39098481 39107113
38638149 38648811
8869213 8878654
56986251 56994281
35436961 35447471
1471675 1480841
61615818 61626529
17970212 17979118
1895355 1904880
4773575 4782265
60667042 60677141
45676410 45685608
32839957 32846736
19359339 19367013
68666641 68677099
33495897 33505833
1579915 1591226
46670739 46678483
24152458 24160733
72960098 72967637
33154338 33160719
15768277 15776757
12448374 12456099
52682136 52693299
45445704 45453380
46659041 46667277
12883758 12891536
12565473 12574591
50763740 50773548
26742392 26752167
67196580 67205030
35925711 35933501
8760147 8771562
72325569 72336791
15367978 15377379
34266413 34274534
55438223 55449307
59325111 59335013
9221526 9226971
21612835 21618202
36644973 36654209
42848525 42860728
59705579 59713623
37728669 37736536
43214904 43223395
24551001 24560239
9584391 9593333
60219768 60228447
26231192 26240621
68050808 68060328
162971 173367
25721332 25733072
72260966 72269562
32767572 32779019
50793028 50802928
51466971 51479936
63191097 63198331
35506048 35515348
55998758 56007976
48046685 48056490
40389482 40401243
40018503 40024105
39596966 39605035
1880356 1891212
1441460 1450358
15235554 15242767
50572274 50582267
53160379 53171640
71845703 71855377
6079486 6091944
22515891 22524321
18845321 18854541
511691 520252
12877025 12885824
6238824 6249112
18605857 18615325
52443186 52452477
69989590 69998313
37925642 37934185
47056083 47065226
38046853 38054996
64187192 64197008
20039899 20048211
45180944 45190813
58462507 58471086
61332311 61344907
7684165 7692958
18525367 18533926
68260302 68271804
27134018 27141707
36630636 36637249
62892168 62899595
13179309 13185463
71148108 71158433
3409761 3418724
41579855 41587185
17732809 17741997
21622284 21629409
53085886 53091530
23078063 23089617
12897536 12904436
47501348 47511677
28563535 28574228
45465661 45474558
42682826 42692289
48224257 48234122
9817436 9828458
31622959 31634884
48233418 48239659
37620720 37629780
3176569 3186952
18656527 18665401
43628499 43636960
70973824 70981995
28639707 28651115
28429893 28440204
7115937 7123510
28817269 28826535
68914708 68923864
40210453 40217143
21274746 21282432
7484330 7494750
1036147 1042013
5727489 5736443
54503168 54509370
72843520 72850753
48648540 48656767
32900246 32912706
74608316 74621258
73247806 73253989
3402730 3412190
23798753 23809938
12255734 12266100
3162247 3172551
36511554 36520722
59282911 59290247
65087199 65096958
5614192 5624006
65317745 65330043
25947763 25955708
2564306 2574470
12273876 12281355
16122075 16131182
49678761 49688769
37736026 37745708
55890660 55902790
41783135 41791099
71953312 71964936
7499672 7509557
30146892 30156288
65912622 65919784
27145652 27154098
7699706 7708017
30299935 30310708
21953070 21960292
9390389 9395674
1285147 1293658
20511954 20519891
41706296 41712071
5523106 5531204
69354934 69365169
15344660 15355674
2890062 2899898
72382462 72390645
64474610 64485755
69280166 69289896
42831093 42841563
3977891 3985624
62465625 62475106
18779120 18785703
34274122 34283550
33000653 33011409
32160924 32166706
52286578 52293858
4111878 4119793
48206195 48217041
1660251 1667177
21170169 21180072
27512607 27522154
32038300 32044412
24341142 24346917
16172995 16182445
57025879 57034316
55419014 55429767
51485669 51492616
28192908 28202137
59162953 59171132
69215551 69224698
34171195 34179528
64691193 64699916
31398724 31409767
54972454 54982537
73805194 73814410
23618026 23628576
44571944 44581558
2194228 2204515
31406247 31416201
3313294 3322491
21475588 21487732
28326754 28337247
13232642 13241761
23291547 23300638
66906553 66914181
24294352 24302171
35164953 35172582
40287802 40295098
64632892 64641086
24064056 24073052
58780483 58790950
55582995 55592466
52094397 52103737
67495433 67504066
55190188 55198124
24855084 24862990
8965151 8976476
25978301 25985501
48940104 48946400
32741372 32748652
11017919 11030518
45149571 45157394
6316820 6327655
51331528 51339715
34905487 34912173
11738649 11746483
51198875 51210047
22385444 22396544
67436671 67447293
49333289 49341277
64349783 64357738
12941383 12951187
21005269 21014400
13689811 13699629
36861510 36870076
4259090 4266049
25846129 25856121
19433935 19445910
62062296 62068242
58117707 58131469
31585052 31594128
20093376 20101756
6036102 6047945
33174961 33183370
9225802 9236134
54667143 54676635
26481265 26490722
48304216 48315111
10485261 10494195
1184052 1191152
57033863 57041620
54729423 54737190
6426620 6435332
44529117 44540002
73275265 73284462
29376233 29383747
3783433 3792433
41960259 41966923
12649485 12658388
44790494 44800808
73926474 73935171
15162158 15173592
40690114 40700610
9429314 9437173
8665984 8672775
17694361 17703048
70807014 70814737
37428732 37438680
44469483 44481344
14392912 14398266
7981183 7988289
21895366 21901573
54198603 54211411
67640614 67649909
64746628 64756171
10897163 10908368
40237658 40247202
17709672 17719759
27603537 27609693
19483163 19489477
41406066 41414858
57659148 57668064
41633848 41642835
29447336 29459263
59147259 59157677
3452254 3462505
27467004 27476922
20888320 20900435
63114547 63123705
54035858 54042666
16691756 16701370
41003056 41012917
724287 731196
14922169 14932280
68095875 68102009
25522313 25533941
4908163 4918788
8122604 8135056
64489581 64496658
60386529 60396921
74404251 74410710
42487981 42497889
37567943 37578464
71652851 71662830
25908112 25916210
56303851 56312995
61486498 61494744
21848955 21860121
61251563 61258547
63892560 63901308
25327386 25337510
47347749 47355352
52319354 52329638
5530915 5538065
43279554 43290585
66706286 66716093
66427706 66438335
29074134 29082636
64207802 64219747
28598698 28605847
53259568 53268655
45062237 45071780
48063639 48073335
54028634 54037032
34997761 35007754
48169592 48176610
52327306 52336635
59644835 59650033
25117037 25123408
8577099 8588383
1096084 1104790
64923305 64930403
18801974 18811556
38974132 38981980
39146081 39153900
71018963 71029343
68335281 68342329
23488177 23495844
21135817 21142750
31221724 31228236
62334189 62345507
28181128 28187617
53246014 53254723
59104419 59113086
26964478 26973312
23884067 23891469
69156925 69167660
29492013 29503708
23279694 23287998
13245837 13257700
70743552 70749215
40067630 40078784
2938305 2946327
11244324 11253941
52457568 52468084
8987940 8996500
43510349 43519123
70538589 70545186
45582862 45592938
2139440 2147221
50778000 50789353
71784785 71793905
73596519 73606337
73440223 73449641
54157755 54166378
54127545 54137080
42820862 42827499
25292835 25303614
72589709 72597723
2757771 2768345
39176578 39189500
59456736 59465346
2945673 2954305
33460060 33469933
70658165 70665165
29665664 29671686
29706461 29716285
49730529 49739325
54849506 54859434
24998281 25008374
33756895 33767809
40669186 40676388
40989413 40996613
54818063 54825424
24942831 24953917
23758810 23769669
6175733 6183632
38631939 38639220
21453139 21460410
5301242 5309861
61380030 61387674
30608469 30616638
44454057 44464384
4678375 4688041
73664992 73674762
27626004 27636024
33349695 33359839
22319728 22328447
43970201 43977002
47631686 47642659
22481449 22488735
71373362 71382672
49736468 49746773
658464 667077
66690928 66701831
16294621 16303236
41080613 41087058
9890559 9897532
60639978 60645500
20855983 20862608
67398812 67406920
3848719 3857070
72143411 72155010
59871861 59881916
10731354 10739652
11004172 11011415
20294713 20302436
46522119 46530952
61427919 61440747
48389171 48397949
5844420 5851105
14574691 14581442
53583066 53593616
38488159 38495180
64523857 64531421
13905692 13915064
40470746 40480759
22756130 22767066
7378210 7388009
32941510 32948906
42503887 42514295
73031333 73037587
23113863 23120203
33725847 33736844
52186454 52193340
12442213 12449827
25548061 25556834
17326443 17333952
44811310 44818984
35115950 35124833
68455084 68461817
26645576 26656049
17845532 17854437
22954272 22965043
32830050 32840023
48013871 48024101
11473505 11481334
40485854 40491384
71421155 71432099
39503943 39513557
28892820 28900041
13716236 13723197
35782728 35791518
15954586 15963539
52841378 52848832
71331290 71343478
28295382 28306303
48418024 48425291
64275462 64286540
18506763 18512769
29014810 29022918
66069928 66076253
55014676 55025457
34683709 34691491
29915914 29924043
16264654 16274964
49205093 49212745
67709688 67720135
22962326 22973903
40504264 40512430
37481801 37487157
39932615 39942721
41175899 41185877
61211987 61219423
73283478 73293575
7025619 7032670
40632557 40640324
56506673 56513206
50062083 50072682
21013268 21021564
9592764 9600210
68476562 68487387
59936752 59946667
10413030 10423414
28458133 28466346
29370877 29377699
66374918 66384877
52021326 52029652
66700255 66709238
5214059 5220877
6985329 6992142
51855709 51865372
13880161 13892148
1356282 1363716
3608912 3616864
39427610 39436310
70764455 70773517
60080305 60089193
70483520 70491693
16564081 16576429
5259520 5265235
59226160 59236031
8421964 8432445
13646931 13655372
44037339 44044780
68494777 68504645
42581251 42591057
11910126 11918842
68874393 68884638
3120013 3125323
38061009 38071369
18178282 18189298
19168328 19175669
47100391 47109518
44747614 44757150
71351449 71360888
47976992 47987269
7869937 7877920
55172885 55183971
8377811 8389392
54932554 54942402
36336118 36343265
55689207 55695042
64068832 64075829
4626542 4634257
19591905 19603861
12264176 12275114
11763775 11772432
1232448 1242111
8958469 8968383
66160086 66166617
24508358 24518198
25730376 25741937
72343329 72353738
6520285 6528297
20360176 20368166
46257437 46265991
28158419 28166280
10082289 10090832
47730368 47738951
17985069 17991463
26217005 26226883
12696786 12702354
28380709 28392067
17433998 17444266
8453614 8462482
2849769 2860467
42839949 42851526
53253555 53261701
35181018 35190144
13639338 13647640
63463812 63469766
19704828 19716566
27764560 27771564
57741132 57749584
63482394 63491092
64950855 64957989
33295036 33305972
28349183 28358736
3791646 3799225
17451510 17458055
26335064 26342309
63163223 63174613
22413142 22420855
61134998 61146999
36040701 36050071
32995954 33001502
66461834 66469460
66249111 66255689
69960445 69972314
22237543 22247499
29471073 29480321
32609136 32615493
13108897 13116397
7282583 7292442
47560429 47568927
31181074 31190833
63907636 63915379
55248814 55255742
53719729 53729894
18548333 18556285
37121098 37130949
59218755 59226570
60295312 60302629
29361255 29371583
65149603 65159118
72056056 72063984
41170394 41178308
6276879 6288131
14133196 14142163
61400595 61412649
71234228 71241906
1731063 1739976
65329602 65337302
70388060 70400128
66437322 66445992
40251054 40262377
23348262 23356152
45894474 45903698
50742801 50752896
20199102 20211635
24670474 24677400
48512819 48520378
15975637 15982511
64815759 64822489
39036698 39047003
42173363 42182541
57782673 57793313
29767365 29777490
46358576 46369794
10253155 10260333
3390957 3396742
33487748 33496842
11941181 11951764
9768609 9778115
56730190 56736210
19658703 19668499
37288217 37300176
74493156 74501464
28080074 28085905
22303895 22314236
34056449 34063829
64022681 64030350
13211161 13219657
49400193 49409853
39628505 39635693
64956545 64965064
70100942 70110274
44915195 44923083
64918252 64924726
61070986 61080658
22061607 22071051
32547906 32554532
52192057 52202152
24438159 24446173
47491690 47502719
33957803 33965820
24810701 24818294
49296143 49304018
30550965 30559342
22884703 22891691
12011902 12019712
27894540 27902544
42069472 42078728
2977403 2990183
70429546 70436907
39467725 39479101
23627459 23636442
73036349 73044584
4841608 4850818
59688788 59700171
70360949 70368868
55051044 55058992
45764717 45772454
17077993 17083279
35348874 35354900
29404685 29414935
71986565 71996860
42266211 42273097
46642685 46652479
27269009 27278796
52998251 53005643
72503224 72510823
50219090 50227626
25582188 25589221
52116120 52122461
55571692 55577789
18826665 18833969
19501900 19512032
27927811 27939476
61522720 61528691
67453917 67462301
73538358 73550196
23576202 23583181
25437757 25447064
19394473 19405888
31028492 31038488
57438792 57448388
60822625 60831125
69150927 69158068
68508785 68517269
17025085 17035390
15943366 15950301
6975783 6986491
35054338 35065415
51065239 51073603
43642461 43651896
19248267 19256662
62422703 62430471
53729854 53739508
26539825 26553020
17916239 17924623
64382720 64392802
44935031 44946418
28127545 28138879
40818942 40825542
57104200 57113075
39792710 39803710
53443619 53451114
29845464 29852440
18067853 18079533
61515205 61522889
3574246 3585181
15799613 15806801
22698687 22709192
68254717 68261962
25899369 25908738
25431418 25439642
69207970 69216990
3474004 3483710
69484274 69490562
46208868 46215918
30230787 30239209
18076526 18085694
39709488 39714763
20813932 20820991
16699537 16709260
5205231 5214773
19295933 19301213
51749891 51761381
52450238 52459568
23032547 23043170
15444130 15450513
29821999 29828056
24724922 24732751
15714378 15721840
71628971 71637799
61706288 61715902
33398279 33408007
64146010 64153551
10067712 10074404
5580264 5589836
21336696 21347986
1964590 1975248
7556178 7561448
71301732 71309549
71823241 71829878
58518629 58529049
73503186 73509232
29465556 29473031
42942749 42952184
70310191 70320492
48486573 48495968
26349851 26359132
13698767 13705020
70708132 70713611
18255335 18265563
52888229 52894112
64000599 64008824
3637634 3647095
41507229 41518459
29608632 29619043
54577105 54586369
21810556 21820369
62954542 62961131
52349875 52359552
21856917 21869026
67956505 67964152
30987719 30994432
60206033 60214371
45424801 45433562
32924920 32936432
43588410 43595602
48446302 48454185
9620429 9627604
538764 548314
17859034 17866479
65157375 65164755
51510777 51520349
11498271 11507360
24184337 24194978
11349141 11355040
28970753 28977928
50035723 50042042
7309034 7318498
8556727 8565884
4146996 4155819
49210462 49218146
17675552 17682513
26696439 26703225
31516607 31523127
28752866 28759610
1176512 1185820
66153324 66161274
48201682 48208223
23754100 23760858
38913698 38925756
6478394 6484657
1108749 1116685
54151778 54158358
827410 837781
21530320 21539113
6301238 6312649
44305336 44314837
11511166 11518279
47821049 47827832
20099196 20106830
24003938 24010530
33247472 33260824
61720381 61730737
8518989 8528641
45915467 45923341
45574722 45583143
43077263 43087084
34537583 34546901
61183671 61190389
7987717 7998173
41823585 41833987
45432350 45441346
3149553 3156481
50987697 50997652
33922097 33931552
45788998 45800359
40738476 40746228
3926508 3932637
52269113 52276302
33239109 33251223
74669516 74679807
37815453 37823387
44786661 44792021
15401859 15410815
27101198 27110818
28173098 28182281
57734434 57742776
19094411 19099698
31082059 31091168
63060489 63070432
54482178 54490767
5758130 5769784
2046643 2056952
43844038 43853366
60473341 60481642
48022469 48032338
70108107 70115278
2530450 2541444
21428016 21435184
69229135 69236054
54260361 54266445
70090618 70102571
69528050 69535844
1521288 1532843
28627151 28634951
53175956 53186029
45602458 45613367
64179405 64189780
16977099 16986163
65550084 65559687
39476397 39488266
20277669 20288427
30992531 31004143
23939590 23947031
35081907 35088514
60252843 60264027
30141845 30148614
5365712 5376404
23262084 23267609
15726510 15736269
24071423 24080634
51971051 51977819
70756857 70765679
47871608 47880165
34599893 34608743
26579395 26587019
18699334 18711831
37051319 37058824
39137416 39146874
64783043 64791227
42395153 42403043
55753252 55764344
58539631 58550608
15255881 15264250
3028519 3035336
50750734 50759377
31549273 31559338
1190343 1199467
11189307 11195495
59176728 59183917
44864912 44873782
9422217 9431687
70257435 70264170
51639979 51648901
30010924 30020531
23230018 23239349
12978373 12987484
25374576 25383657
31103898 31115715
59501564 59510288
14634688 14642955
67911706 67919200
16216426 16226577
26499395 26507636
36437579 36444475
63899116 63908419
23338677 23349919
60959744 60969266
60412945 60421988
3156024 3164152
3903968 3913089
16548935 16561158
58643218 58652567
19731095 19740363
3123579 3135045
28740950 28748492
46507508 46515731
2220478 2229108
12757656 12764747
45523860 45534015
25366095 25374730
74458634 74464358
1246900 1253672
15844965 15851645
65538644 65550377
60096032 60104471
66758418 66765127
7386190 7396334
7439993 7451946
3223236 3230127
69471449 69477960
1980781 1986494
29874530 29886527
62913227 62925762
10565707 10576106
55382010 55390757
71308678 71317727
39693729 39704206
20540894 20546278
61001380 61012753
47707506 47714604
3081027 3091349
47300226 47308538
69684715 69692944
58710116 58716213
69066410 69073948
64882173 64889574
35425590 35438666
26920398 26932713
40325257 40334049
58410375 58418456
30466279 30476636
37689262 37695931
16274250 16282209
55853114 55860808
72514934 72523220
15169994 15179730
53307994 53319184
67189394 67198942
4522203 4530599
1846418 1856743
20774370 20782253
36975866 36984319
49045018 49053636
62273696 62286429
30594355 30602644
36314941 36324377
47475079 47487136
3553876 3562278
32628232 32634744
48670854 48678463
3418147 3427239
26626032 26634500
43326109 43336566
71519270 71530671
847891 856614
74397440 74405423
49100503 49109493
32581816 32588976
19625715 19631981
44430935 44441811
72997726 73010726
5798346 5804951
52926957 52933714
30029436 30039677
5904442 5914852
41925526 41932188
18870090 18879440
54792322 54800694
44174318 44183209
67278669 67287721
49596326 49607392
23742328 23750248
11325813 11334509
47772085 47779576
64311419 64319814
2515930 2525387
19981429 19987286
16032769 16042870
16470273 16481187
6914919 6924222
3089875 3098751
57501643 57508624
34374478 34382751
22082927 22092327
69031733 69041312
59463959 59472826
61501024 61510868
27355190 27362240
49172857 49179846
48836379 48844235
34740940 34751424
54786355 54795225
14496546 14506562
27456245 27463049
30622404 30630172
14346360 14356486
27504442 27513016
22865751 22872972
3350831 3361867
37751575 37757996
6020178 6028840
40921936 40930020
59496200 59501699
3983925 3991662
43106473 43115528
2064475 2074987
61680193 61690037
19414770 19421218
69571811 69583788
53138405 53147385
17104824 17112862
46737169 46745800
67928426 67935985
27048772 27055209
47918819 47927035
51845266 51858301
57651084 57662868
26209067 26219477
37867630 37875511
45384805 45394978
1167999 1176708
30680342 30687452
73772457 73778496
65707175 65717130
34139330 34150531
54765153 54772652
30388323 30397212
47008480 47016811
43260591 43269150
48913533 48922570
3597890 3609842
74121148 74134488
37494989 37502189
4360773 4370492
30645323 30654523
38192094 38202050
50640556 50648238
51096117 51106216
42737370 42746456
11234190 11245207
1791617 1802646
4713827 4722760
36210169 36221512
56153466 56161111
54419156 54429948
29984513 29994926
34747939 34757885
9665806 9674191
66544179 66552913
23868786 23878235
29867411 29876839
52071074 52080937
46884800 46894805
26600623 26607795
8172134 8182438
21923900 21932554
31650697 31658651
42778302 42787769
60994344 61003653
798913 806787
65565288 65573362
9010923 9017979
50004954 50012631
5063915 5073512
47553052 47561924
6664330 6672545
50166641 50173746
56425170 56434736
611207 622300
32495518 32503916
15115119 15125112
54338535 54347787
62019498 62029724
9091534 9100156
1603562 1610058
73547910 73559140
40039539 40046597
22473505 22483650
43366513 43377412
55560766 55571862
24885445 24895357
2650244 2660591
4160598 4170034
53449840 53457869
20081430 20087550
66638635 66646226
47446163 47458740
18468681 18476094
63653711 63663254
16308350 16319300
74209031 74216926
45509510 45518875
55916740 55925307
72430870 72439314
7393318 7402096
36854448 36863124
28799418 28805702
27538963 27547134
31343029 31355165
63835818 63842822
5688256 5694138
54807371 54813894
24739019 24749165
60870487 60876812
16630505 16640144
72629978 72637006
53985913 53996807
7812680 7822657
12762832 12772574
73719072 73729844
13933077 13942864
72490994 72498541
16638510 16646846
5698555 5709277
32802566 32809514
37310527 37319231
39642046 39647804
18707831 18720694
43903995 43915409
17596751 17608028
51572012 51581140
6582148 6588890
44108667 44117745
43341713 43350656
7045773 7056084
57297151 57306728
13779870 13792081
28986545 28993151
56879802 56890503
54315529 54324578
65627568 65638438
62931095 62939548
30972549 30980958
33718632 33728939
28633614 28641877
13078511 13085872
44013906 44023571
53898496 53905849
6640445 6645903
44636596 44645870
62195329 62206060
46305174 46311391
45731953 45739281
72299354 72306134
38207444 38219983
61196468 61207701
54913802 54925020
19716167 19726489
20254754 20265569
28439495 28445384
68236665 68248471
72937624 72947577
62756203 62766604
57346317 57355355
28451586 28461217
65523954 65535037
57753320 57763382
62355679 62364007
4044833 4054338
15353706 15361986
59382680 59392877
34988602 35000011
12998670 13006691
8084033 8091752
23186652 23197678
2799711 2807076
71542903 71550915
68367007 68373783
25191025 25199277
53316984 53325092
16533044 16539866
40300029 40311164
55273234 55282861
54178128 54186294
28665566 28675276
9338833 9346156
32698730 32705336
48979093 48985771
3898013 3904891
71248112 71257954
39612659 39621874
2316122 2323110
48037547 48047461
60015667 60025201
69596053 69607963
13728777 13740637
63174267 63183626
37221440 37232024
56674112 56685787
27559901 27567953
53122189 53132856
14835330 14845504
37554423 37562347
66515231 66523334
36620123 36630888
11061000 11069380
547816 554747
56749341 56756340
821191 829783
25882557 25894708
24559943 24565945
18270078 18277769
2829896 2836197
68781361 68791074
52704134 52711207
58449369 58456581
44161659 44167854
57014664 57027249
57285830 57297909
13824373 13833436
51565048 51574435
25076249 25086014
33265805 33273192
4496980 4505054
61034167 61043535
49051036 49063509
41092258 41099662
72070646 72080077
26701485 26710783
23697184 23704619
58063374 58071963
11917256 11924649
70905505 70915437
55652936 55665020
29600870 29610086
17383574 17392970
29292185 29301064
15806318 15816407
23703255 23714268
40675461 40684718
50868502 50875340
58559647 58570190
28409119 28415044
50116785 50127972
43296624 43306146
66474613 66481027
20799189 20806319
12902873 12910334
11608655 11617811
39013300 39019641
13297872 13307330
58136647 58143006
64928496 64935971
72497515 72504759
68650491 68658750
66148066 66155626
52826725 52834530
65129533 65137541
19254864 19264525
22792194 22799498
20217631 20227702
40813761 40819668
23178089 23187905
24981888 24993512
33009728 33019971
70884025 70889161
4802510 4810638
25666153 25675443
9654200 9660984
2896641 2906745
13422041 13429337
14844970 14851461
23170358 23179040
62409397 62418289
729846 738787
16651352 16659706
21714957 21726471
68576264 68584460
73689404 73698691
2790463 2800182
69787104 69797114
25390444 25397956
16722606 16730155
8445972 8456832
33613587 33623407
46902662 46910421
72305582 72311968
38511328 38519321
54280851 54290930
73618258 73625507
38178720 38187225
48929651 48940925
42387060 42395980
11542134 11553957
45418372 45426410
49630372 49636943
5959371 5970389
65074846 65082026
45357117 45365926
1323980 1332347
61089967 61095778
40114173 40119942
28851337 28861341
5104788 5112234
37591394 37599091
60059570 60066542
45908629 45917105
9708241 9714908
14958996 14968932
34754583 34762888
48946133 48953790
23416140 23425366
50353898 50362619
57446763 57453945
51191866 51200431
35534275 35544844
10504768 10515335
63079853 63089252
17338580 17348654
33279432 33290121
385285 391291
38470847 38481193
58611239 58621594
42024002 42029334
11369568 11377980
67003955 67014977
6071383 6082846
24538802 24547643
19836787 19848675
61297942 61303117
50701359 50709542
33224170 33233034
47171932 47183436
63667529 63676526
26832441 26843411
3990529 4001193
53153224 53163890
59721736 59731254
7360099 7369491
18380879 18388519
23673760 23682479
38993199 39003138
56196208 56208631
41063965 41072699
24178400 24185970
12240369 12250892
19811680 19817647
4613243 4620448
39849130 39857231
7533994 7541130
74415713 74423964
6353813 6362883
67384893 67393984
55337210 55342680
35443999 35456190
10314839 10321126
18901958 18909989
30105146 30117107
28399005 28409365
14074125 14081157
4073860 4081528
60278759 60288765
4558896 4567842
72725632 72737677
37763993 37771866
70268903 70275154
47943829 47955059
65942951 65951330
35362131 35369492
3496835 3505420
39311794 39321681
5474835 5483274
39565564 39572842
62886722 62893921
10090134 10100552
14034579 14046900
12729833 12738657
33189418 33198240
55109010 55118020
68830836 68839291
44003245 44010020
67332590 67342333
49828276 49838020
48883500 48891159
60332369 60344493
40346862 40356157
38108163 38113739
51539854 51548110
54799225 54808091
37945056 37954645
47139473 47147732
1887982 1896720
11684699 11692911
17285394 17296593
67702735 67712761
19675750 19683719
18157741 18167100
34880263 34889250
66714602 66721733
32705084 32714041
22766262 22774715
47783565 47794240
21164003 21171028
19778396 19787481
13083613 13095663
34847035 34857587
60835825 60846615
42035186 42047152
56714871 56723267
49423730 49433246
45865782 45876860
10647205 10655165
62013385 62021506
48960558 48971479
63384203 63394471
66444365 66451012
37952414 37964392
36384196 36396343
48813627 48823277
29728479 29738610
37967681 37975846
58704214 58710620
58141896 58149660
31749551 31758808
58440259 58449935
67149672 67158522
16039584 16050477
33081155 33088985
37096546 37102910
13483418 13490615
37102175 37109972
39661278 39672068
51497401 51505657
72805502 72814096
34963959 34974006
3040625 3048252
71431033 71440685
13623808 13635051
17629769 17638475
51806748 51816235
178154 186888
41427044 41433766
47386913 47398270
28804716 28811561
38254622 38265328
67157448 67166772
34239409 34246957
40590561 40600649
52281812 52287639
33503019 33515469
7592577 7601259
66737873 66744912
4015648 4024760
30812372 30824177
56622183 56627545
37743570 37752419
25084987 25095399
61545450 61554814
23642757 23654643
71505644 71513812
25026002 25034337
1778364 1785132
48328792 48336188
73624783 73630904
46551161 46558200
8724138 8732869
58668911 58677478
57468922 57481174
15261795 15272655
1026697 1036943
2186186 2196571
37538999 37549171
62828385 62839028
24761296 24769977
7509378 7516773
21782484 21790535
72861998 72870964
29566365 29573667
32290782 32300130
16657705 16668395
38899241 38908405
2559381 2565534
756215 767946
73121749 73127426
8884465 8893814
8476145 8483591
7334671 7344650
9200171 9207042
49408693 49419213
32519622 32527324
58203946 58213643
20824411 20833618
58789026 58800750
16492968 16502731
47885453 47895979
27529351 27541591
6294238 6303796
51925915 51937770
63570436 63581458
23591303 23601644
63771886 63781005
60141535 60150512
16862102 16870907
52199871 52208684
3759493 3769033
16672778 16682731
38270842 38279827
62819491 62829529
31565531 31572803
72820938 72830013
1992719 2001302
31322759 31331843
56551438 56562749
73523710 73532293
7348604 7355780
28035733 28042641
48718876 48728489
18487417 18495502
3694231 3702447
3514271 3523549
63426196 63436937
34308215 34316141
25198406 25205720
51259041 51265382
13281524 13290573
71635202 71645041
57919368 57926363
16366181 16373139
43175708 43184009
5535812 5546884
19524786 19533727
29022754 29032631
29321694 29330128
55374218 55382583
3278474 3289389
34505252 34517456
35026750 35034717
61605470 61611932
12163745 12170698
15581640 15589760
54393959 54401997
64459546 64468210
4194520 4204967
27277942 27285338
8689849 8700964
71884358 71891232
10399763 10407387
55319850 55330727
65557854 65567597
23875316 23886118
49509102 49520507
74240859 74250934
4059717 4067981
34912122 34917694
23851206 23862256
29594524 29602813
50497369 50504115
12050582 12057226
29009915 29016693
50366947 50373647
7585246 7593662
28224658 28235136
7429392 7436356
61168676 61178048
42442599 42452515
34400217 34410188
42996533 43004614
58820625 58833150
30322937 30333586
72358765 72369136
19496084 19502918
39161087 39169642
26571693 26580965
70651947 70659294
842408 849261
44493050 44505214
62092996 62103131
26897825 26906743
35579218 35586385
11360956 11372681
33857384 33868369
3822956 3833307
15298422 15305877
23541814 23555021
8983937 8989467
73297766 73309062
30046551 30058712
63865439 63875288
45744976 45754513
69744908 69754754
38379770 38388407
15414077 15423581
29806863 29813466
33469127 33475991
49382877 49388435
28610061 28618563
62249225 62260467
1003521 1012074
67893081 67904313
27125735 27135172
8941391 8949271
34545919 34555210
20488555 20498921
62501004 62512169
63941705 63952962
29586104 29594803
48654076 48666677
1122798 1133084
10164293 10177189
40216491 40225920
23660598 23667409
48690834 48699991
27263530 27270700
37649585 37660283
59311878 59321943
3503553 3515043
3839141 3849966
50855716 50861983
37362050 37370269
43010785 43022254
39947709 39957939
57982253 57993434
66953938 66961400
72153576 72162417
8188881 8195694
51406843 51414212
1725395 1733622
13094861 13103883
15102583 15110094
29441647 29449764
12406510 12415454
23052877 23064590
68758882 68767792
33893185 33901459
8947057 8959008
26868135 26875531
40650993 40662130
70489161 70496983
60660763 60667168
59402975 59414362
21841995 21850294
41341330 41349568
46374517 46382792
3734851 3743268
62658095 62666369
12627538 12638803
7030699 7038655
9365546 9373252
59235589 59242816
58246491 58257809
5790644 5799228
40927758 40938996
53691909 53699076
13512704 13523798
12433866 12444008
21758429 21768041
68992881 69001352
11195387 11203923
24841579 24848453
61928782 61935341
67600575 67611959
18818771 18826694
72914454 72924589
14293473 14300436
74382989 74389949
34486312 34493212
22671157 22682481
2953718 2963374
29298121 29307454
5233376 5243509
69636443 69646762
5026886 5038477
6943958 6955978
38288638 38297722
23007876 23016835
53685807 53691960
16898255 16909514
766933 777895
8200286 8208261
23155809 23164203
33594726 33605858
30503020 30512423
38463216 38474030
50889309 50899516
4005312 4017197
32846204 32855207
26849997 26862503
23041267 23049032
22576982 22587001
55309193 55315308
627550 633067
52052858 52062173
54454930 54464724
63935378 63944809
18031000 18038763
12177843 12185825
47611914 47619326
32439674 32448287
32421586 32431013
10746875 10758488
73950890 73962967
1815142 1823610
73097532 73106374
58008360 58016552
24716620 24725178
67969413 67979659
56449925 56458822
6594826 6606246
65658434 65668541
5803675 5811983
51976510 51983865
13950919 13957970
41027308 41036188
49612738 49621849
33482650 33489520
1933607 1940172
6893730 6907469
22005383 22012845
24523112 24532305
22749113 22757507
39299223 39306822
2840259 2850530
40855428 40862244
39528257 39535019
28616244 28627799
61392820 61404010
17010103 17019377
54757960 54767574
29529220 29537371
1985977 1993173
74596156 74601914
39052727 39064514
230772 241414
11751259 11757611
26613889 26620458
14536310 14543440
63087262 63096301
55462120 55473147
20177996 20188594
59887867 59896147
16437800 16445140
8496486 8504072
47423753 47434775
16129922 16138854
25610499 25620586
49651699 49659582
49780332 49791621
21441219 21448188
3337285 3343858
12460495 12468221
73308109 73318921
22195104 22203514
46084679 46096097
34865406 34874955
28977452 28986568
65854431 65860687
39385866 39392155
47340366 47349989
46095458 46104644
44871092 44883137
73423735 73433218
32808546 32818053
53170082 53177384
10339229 10347467
28542753 28553739
68859514 68869675
17644045 17653436
61978291 61989723
49645627 49653645
41625218 41636343
22945279 22956625
15250298 15258058
22148527 22159557
2364971 2376807
41918724 41926519
16880301 16888320
8511651 8521703
9827364 9835807
42514010 42519537
22011359 22019004
21330286 21338558
24261119 24268616
63586974 63595487
65499943 65508831
46389241 46396617
5382296 5387738
41931010 41940941
58928241 58935066
58869167 58881098
28824388 28834226
10755037 10764057
59697954 59708288
25381095 25391601
38840477 38851399
51104536 51114915
69497771 69506744
6469216 6478689
11394312 11402456
53604848 53615056
38164351 38174167
41584936 41593382
16226284 16231869
21114529 21123991
57969175 57978062
35108477 35118228
61610705 61617166
62136753 62149642
71609315 71617455
72451607 72460700
5639585 5649993
5327277 5338569
55637558 55647638
66499251 66508675
35682158 35694107
2876039 2885981
22913277 22922102
28904126 28916152
17864827 17874663
21280711 21291467
30179015 30185813
1305776 1317368
7354828 7360999
1051049 1056672
33744934 33752532
48576250 48586845
72283033 72293783
27182963 27192593
46729758 46740417
73818499 73830181
43204778 43210126
8033057 8041571
51686623 51696320
54963074 54968317
61840580 61847935
1426972 1437366
15790969 15800082
37258154 37267047
14513354 14522836
49468664 49480449
43814671 43824179
12281129 12286399
5516588 5524264
17210314 17219440
30019534 30030232
66581532 66591884
6340764 6350744
68204679 68215994
14976333 14985973
22715012 22724067
42098277 42105496
59110836 59121723
1502476 1510108
8698908 8709512
66791332 66799641
24230924 24239565
18131160 18143037
52611153 52620775
47984242 47993840
27922170 27929923
58494885 58504933
16593230 16600195
58829862 58842899
71499110 71506207
64754103 64762782
21099629 21109532
26299772 26307528
5396375 5405275
50029224 50036672
19617845 19626160
1389449 1399922
11700040 11707705
11552656 11562775
57544042 57551932
30907862 30916286
42673863 42683961
62417865 62424706
44028796 44038724
1463763 1473355
39208682 39215840
40314824 40325709
5141294 5150176
33872285 33882041
62119883 62131264
59980323 59990501
45226398 45236262
65284416 65293745
28675265 28685145
55775384 55785552
70366546 70375115
70689425 70700953
33093949 33105886
45984695 45995225
35063828 35075398
8039442 8046754
41265129 41274802
73961970 73969801
70896977 70905550
39991493 39998173
48377365 48383588
70615516 70624895
46233001 46239893
6489354 6497093
36117766 36128778
18578931 18591205
6148136 6157250
72761313 72773800
23094948 23105158
31037566 31047428
4729019 4735771
46473481 46483924
47381556 47389104
6824075 6830793
3528136 3538143
73018396 73024295
18417238 18428204
70678990 70685782
66028658 66038879
46166879 46173768
31885174 31893349
50181491 50191898
34076899 34082859
74431863 74441568
65222147 65233228
10677435 10688157
43661914 43670041
40490918 40497853
11850317 11859276
24024250 24034841
68592988 68599123
9015912 9026086
70236218 70243501
38081925 38089591
63312748 63321541
65925892 65933400
70549563 70556747
324204 333880
22592483 22603302
34479174 34486775
63810169 63816861
17353078 17363212
72028410 72035131
53868822 53877940
72273817 72284258
38588876 38599369
59334855 59341423
43621742 43629660
73408449 73418269
64669584 64680468
22031682 22039422
9393991 9403177
48665447 48672207
63197738 63203496
8386152 8396184
42188340 42199394
13312032 13323120
9700113 9709723
37071950 37083089
56969511 56977160
73114616 73121922
30935718 30945936
71597210 71603100
37805703 37816229
33272973 33280409
64618314 64626660
44536896 44548434
38851218 38860038
68114866 68126638
2116862 2125195
63551621 63560696
31523062 31530868
6953308 6964111
26979189 26986974
72710320 72719072
35986404 35993389
53218895 53227347
4764115 4775789
3750695 3759807
11567366 11575336
70795039 70800680
7151469 7157620
36049696 36058372
58096159 58105090
50454740 50462934
59561141 59571072
72003843 72011317
41205747 41215172
69099011 69110311
17653166 17659535
244921 254810
71534000 71543246
26083674 26092376
1737759 1748687
13791946 13799188
59189398 59198764
69094140 69101374
73556412 73567620
7162581 7171009
15087920 15096238
55210493 55219743
30654426 30659691
29751482 29758305
34665521 34675592
14276480 14286217
68328515 68336956
49338831 49347355
50723587 50731740
5833358 5839366
27405597 27415124
56267368 56278335
55976801 55984703
42706692 42712751
72676848 72684447
7477154 7484837
31309649 31317602
51476835 51487305
51452058 51460936
25799353 25805151
58218282 58226810
28335429 28344605
12909885 12919739
35139398 35147316
48424095 48435070
25619899 25626756
8347014 8353636
62592781 62601822
16755684 16762888
52531834 52542262
37402933 37413375
18686557 18694692
17238088 17248566
57240625 57252063
36778219 36784354
586426 593939
23127130 23133139
16428905 16438406
26115361 26123219
42574708 42581517
49769952 49782080
11104183 11112882
5349935 5361314
34407428 34416005
42868113 42874896
52598255 52606062
20427318 20436715
14191790 14203147
59553257 59561344
52138182 52149799
2812407 2822691
4459801 4468619
27447304 27456701
19386398 19396292
58336889 58349069
30671176 30680376
43273985 43280869
6654949 6665342
34791731 34801397
62997973 63008422
49302454 49313467
34004197 34014558
15775280 15782826
34147647 34156214
43234457 43247324
45440013 45447941
14285091 14293739
13466639 13476671
71941015 71948528
45682686 45694080
47281866 47289635
29723736 29730660
25278725 25289249
30708306 30713690
43478128 43487068
25992222 26000474
67357460 67364914
27210268 27216250
12169331 12179864
73612969 73619674
20846559 20857125
66119529 66129405
51782192 51794925
48708782 48714459
65821410 65830504
57166970 57174004
3293331 3302651
4177683 4189416
22449748 22461797
11720739 11727008
61873653 61880602
21735103 21742821
55723333 55729630
36808811 36815001
56864905 56871987
49279188 49289565
49583949 49591194
71045100 71053901
38171444 38179795
33046661 33052432
65966090 65974103
13803281 13812016
37720689 37730553
16915012 16924316
5692895 5699491
4864038 4874961
38865920 38873684
34457350 34467435
38610556 38620229
46513807 46525447
60724658 60733677
9786406 9795844
13445393 13452228
21617470 21623944
45135629 45145219
67978973 67987665
7565410 7574248
71101369 71112827
46569388 46579906
58422556 58433780
1509863 1516312
8213221 8225090
60065489 60074251
52213138 52223125
36400438 36408009
46071243 46081107
20912917 20922683
32692608 32698831
5199513 5206692
16008678 16015268
36084828 36094014
12057059 12065637
70171638 70180951
71678534 71689989
45471610 45481990
54637183 54646815
23131286 23140642
31665365 31677616
12069695 12078514
13474040 13484389
24078941 24085646
1077201 1085210
23946779 23955676
24115093 24124828
33069381 33076359
44609733 44618193
54073940 54082457
39559475 39566719
39215725 39221466
51726160 51733842
69705931 69717822
54987938 54999714
53711651 53723136
63006779 63015575
41486109 41495331
19547804 19558064
62959968 62967583
74477657 74484436
53875437 53885646
6644882 6655692
15564204 15573444
652290 658849
31965634 31972056
12063887 12072223
914149 921875
22263084 22270357
54611552 54621556
65722701 65732544
4993076 5001380
53704737 53714493
73589111 73598973
15498197 15506094
57233029 57242664
67094144 67101003
36576125 36587210
52516989 52527528
56114248 56122844
71092643 71104458
71576162 71586325
11935932 11943286
42541719 42550488
60053471 60060236
67826774 67833776
55671677 55680960
5431964 5441219
30333163 30343228
25653739 25661330
66613666 66618985
33681232 33689151
59349880 59358898
41789129 41797938
23046972 23055028
17726870 17735388
66383872 66391290
1703521 1710577
74388815 74397862
39187474 39198234
57775157 57786428
56954497 56965016
68168540 68179851
38121073 38131368
46142115 46153038
50617797 50624356
34203380 34210942
55992597 56000093
63243507 63250938
51655577 51662178
42150820 42162013
74016143 74025288
21345461 21353121
39220759 39228140
64151492 64160920
14543162 14550846
22404092 22415508
67364719 67371489
4212790 4222788
1197664 1206711
9714800 9721931
15188112 15194515
10131997 10140556
68349192 68357802
24308821 24318685
52472786 52481066
42914496 42925263
49621297 49630970
60420063 60427382
45939001 45948805
50672459 50682012
37532874 37539242
33997807 34006640
3615528 3625979
45110320 45119286
41867292 41876415
38342913 38353646
41657501 41667957
33637950 33647226
36636396 36645638
51111544 51123203
25321943 25329684
54087950 54096191
41592754 41600932
68515472 68524811
59582354 59592619
12041717 12051433
66917931 66928700
11078061 11087472
66780156 66786463
7180970 7189187
14804947 14814285
19403404 19414927
66016724 66023596
46763320 46774089
48606247 48615950
37515694 37525762
33936849 33944113
53671598 53681767
61580827 61589184
17483995 17492054
971553 981583
66869373 66878477
10662334 10670647
36792887 36802503
59800943 59811948
15669946 15680304
55879213 55885503
58958687 58971234
48095999 48104242
32852381 32865148
48126655 48135977
42951661 42958708
5750007 5761868
17138390 17150474
58079601 58089199
6001721 6009900
45641109 45648806
48953614 48962236
13919788 13926700
54409748 54420483
12927371 12935406
8221362 8234734
28933886 28942132
53303194 53309375
67903185 67913303
57362934 57373979
9493406 9500447
63973489 63985810
62666070 62674468
66329250 66339560
21042046 21049606
67052728 67063456
52293756 52299337
53432691 53444960
69234470 69245019
9297567 9303658
28579826 28589483
70958002 70965333
47353426 47362414
489170 498076
35150860 35159923
63393135 63403751
41606316 41614536
33654572 33661638
15989938 16000939
74151174 74158283
18142091 18152598
31982666 31989764
28413261 28423391
2925521 2932284
52304253 52314498
9301763 9309185
69901356 69911638
27374414 27387134
50155944 50167398
39786945 39793712
3198925 3209679
29058761 29070832
47232509 47243896
4226975 4237012
26330204 26336917
56159907 56167496
61879894 61888179
47654606 47664593
8902361 8910319
10156548 10167639
69370490 69381500
52591370 52599231
2411311 2420583
69331518 69342536
35711310 35718199
12183736 12192011
17977123 17985847
56517300 56526485
59471371 59478009
28320585 28329731
58049072 58056501
52174722 52182212
46317302 46325921
62575014 62588094
28247077 28252281
18532766 18542852
26440435 26447752
53323112 53333008
7061036 7071399
19109256 19116502
35758276 35765896
70328432 70336276
44129549 44140501
7721885 7734549
4327404 4338425
14812309 14820341
44677554 44685756
45210612 45220158
54857519 54868528
47745859 47752446
44563102 44574771
36738070 36749297
47647653 47655258
49814001 49820823
71220416 71228768
24682874 24689714
19445360 19451211
10856739 10864613
14743338 14754143
55539149 55545732
61440720 61447531
60600304 60610286
41912304 41920004
47607477 47613070
72922781 72931169
45710158 45717566
48103417 48113744
26517909 26526104
46490949 46499322
57796428 57806095
49322351 49327844
28094803 28102219
51896837 51903801
6189806 6197857
57418225 57423783
72421966 72431058
25648365 25654625
68556000 68561740
34012175 34021590
11334108 11340860
39244780 39252115
58813891 58823564
19272954 19280627
68848020 68854692
42534834 42541843
72848858 72858271
56933250 56942712
70449595 70459849
55715772 55723912
38408290 38417706
60494195 60506146
65101500 65109925
28720441 28729905
66349925 66360861
47566825 47576367
17761142 17769883
3229414 3235749
69398799 69405770
10319490 10327906
55395159 55403574
54387283 54395131
59515498 59525816
37135695 37144107
46781001 46786949
52810991 52821601
34048779 34057513
9097498 9107081
68624497 68634999
7973195 7982973
67993985 68004480
30587380 30595090
30190299 30197169
68224208 68232346
11442424 11453752
66234400 66242046
26736259 26745251
72187367 72194348
58417064 58424802
10955826 10965305
47714512 47722139
38749042 38759590
58725130 58731591
15465327 15472850
71484041 71493212
59094171 59105621
8116878 8125297
33852988 33858767
47953740 47961890
69804106 69813231
39443734 39453143
12643501 12650615
3239687 3250847
38568580 38580879
2742256 2752420
2548863 2560024
18483018 18489394
63446071 63451956
69864265 69870081
13723126 13730717
50323527 50333311
60271548 60280553
47330780 47341748
44209983 44221439
61783822 61794785
67687599 67695588
2390941 2398138
33529326 33535679
62456278 62468147
14381657 14393044
63326898 63335967
26475104 26483174
2227845 2234747
24170357 24178890
35411941 35420614
39678149 39687701
69244901 69251268
27165187 27177208
5735971 5742591
11027657 11038595
10175935 10187050
41711506 41717497
32360228 32366697
65187270 65196978
21185756 21192847
73087182 73097715
39866503 39874025
45886311 45894653
55005509 55017046
14483698 14489865
2630136 2641688
1251612 1263344
36305870 36317065
10556373 10566363
26813246 26819432
73728615 73735233
56976386 56982346
41049715 41057701
18590521 18599636
22246061 22255786
55760716 55771020
33867037 33874740
14066464 14076071
25830172 25841789
52397295 52406142
43602991 43611955
3215556 3224119
64159697 64168346
68735830 68743001
2034056 2040052
36833650 36841886
14680727 14690199
2376425 2386467
8802958 8811138
67027093 67034984
48215733 48226131
53418223 53425478
53108825 53116336
24276839 24282553
60783222 60793683
41419828 41427088
1674366 1683570
47619310 47626244
7128026 7138318
34154163 34163277
32411501 32423171
57976641 57984003
27840767 27849281
44102199 44111692
37025765 37034446
55803877 55813815
61687073 61699972
72375789 72382884
905579 914660
61589087 61597875
60929080 60937362
71702913 71713990
50845547 50856484
66187595 66196458
53641590 53647345
44656442 44666453
47024962 47034624
57154438 57162211
70211629 70219918
17098705 17106716
58589050 58596666
4512600 4522216
28041280 28051430
52697635 52704531
26671315 26678323
42662861 42674122
21767489 21773125
72086872 72094052
184666 195624
70227411 70237908
1629109 1639930
45752193 45759958
28067388 28075453
63250445 63259674
45962676 45972755
23774656 23780496
71264401 71273651
57908600 57920429
70264063 70269681
18946807 18956731
11432609 11444001
27664320 27673604
55412257 55420346
63285454 63296419
52939460 52949936
18613788 18622458
4220995 4228765
37500883 37509668
61961839 61969153
10429803 10438945
42433711 42442882
71291026 71297430
43935832 43942764
57451765 57463894
48275749 48282175
35666284 35676303
70637062 70642804
49252086 49262079
63375999 63385022
59790739 59802135
18474917 18483891
74500448 74507766
14422846 14431183
30062869 30073616
67626009 67636169
686181 695057
60800539 60812143
44398869 44411832
57613888 57622036
19328016 19338806
17465067 17477715
35673965 35685103
8098849 8109620
48852899 48861983
51022263 51032168
7891029 7900155
41847539 41859560
23088949 23097253
61324820 61335099
16965841 16972631
31292873 31302231
17117417 17125990
62735985 62745192
65369995 65380167
13680159 13685840
59319140 59328095
46745763 46754111
5879897 5887583
36996422 37005086
46054696 46065704
49896789 49902173
45161796 45170204
40581216 40592836
14183337 14193634
21203054 21214355
36000267 36007672
25674444 25680705
9527011 9535222
29908374 29918809
53660769 53672816
47413932 47420484
65991507 66001277
32775403 32787585
25162457 25170401
25173750 25185365
59711912 59722517
6392207 6402568
60302194 60309541
1665809 1674846
18165658 18173309
47692842 47699043
17932548 17940880
6327251 6333930
46179898 46192660
67935216 67941470
50429646 50439670
57646006 57652921
31157439 31163492
47156190 47165037
70058664 70068778
24816180 24825178
60954473 60961171
43683692 43690912
63872235 63881806
7925178 7935621
57487454 57496471
34108540 34116599
64515443 64525011
43269020 43274919
10123769 10133552
55152388 55159746
70699712 70708593
43518602 43526771
58128446 58137420
21396068 21404199
43150596 43156393
2658772 2669702
13976696 13986964
49448298 49458328
46557440 46563321
55183234 55191260
73979239 73988204
45344633 45353574
47087842 47095057
34162917 34173168
10929325 10939816
16923056 16930842
42745626 42754874
1330960 1340913
62027947 62037141
61538957 61548124
69116705 69124106
69007712 69017871
66752197 66760126
17990954 17998870
72812768 72821620
16679512 16691844
52508264 52517658
11035751 11048099
19637391 19647658
62282483 62294438
31137403 31142937
10816039 10825027
5953226 5960700
37659948 37669704
17964844 17972167
73461939 73474015
63914499 63923501
12401702 12408696
28709913 28721578
13009962 13018374
38887052 38895617
64299031 64311809
57337985 57348636
70218236 70228842
46345820 46352667
37789367 37798277
10739147 10748625
36981529 36991930
1539014 1550033
2538074 2550175
42076600 42084404
66164620 66173764
7651465 7663688
56368656 56379852
23650987 23660706
15314232 15321997
8614188 8622158
70685034 70691295
18012717 18023574
5671530 5679635
62034908 62045859
53268505 53274471
1531259 1542160
57932677 57944303
2639683 2651297
20269877 20279450
24754317 24764274
65000545 65007268
20350257 20361158
11010125 11021087
19099550 19109617
44900735 44909382
43183496 43189212
59675213 59683601
72475172 72483155
59835113 59845420
17429191 17435604
60350727 60357826
26992177 27000857
65999926 66008961
64390344 64398303
11376589 11387787
23688536 23699310
21666080 21673581
65433972 65444418
41987854 41996133
46437711 46445585
60682556 60691475
49128320 49136444
54557174 54562975
66282307 66290174
69309410 69319663
72748320 72756082
3658859 3669313
42752371 42760338
21584209 21591671
69080910 69088842
7020073 7027572
11353601 11364565
63593066 63604886
42349354 42355920
57135969 57147548
268519 279627
52804746 52812594
72121501 72129866
40902687 40914200
17368306 17376328
50490926 50497638
14329684 14340898
74093976 74101038
60860722 60870533
16997380 17004131
39374440 39380598
16108321 16115829
44415732 44427011
71163627 71173585
15071893 15082742
60157945 60166701
68140463 68150798
19196464 19206662
12027351 12033654
60918401 60923849
25411746 25419543
30495492 30504208
65483533 65492473
15658277 15664919
11995344 12008541
27995710 28003404
61860065 61869772
63067728 63080063
12033523 12043484
23963066 23973462
664493 673085
25680573 25689469
66113559 66120245
60740220 60748888
46634977 46643538
51399468 51406889
64909171 64918532
29213985 29221461
26936533 26946938
20664006 20673990
37159898 37169217
65783133 65791001
14172698 14178951
50402774 50410013
2609015 2618191
26137125 26143597
9047292 9058170
65203641 65215711
15154738 15165208
21055103 21064434
46134872 46143425
43872656 43881379
11771078 11780742
52820676 52827657
9354219 9361297
1239840 1247415
42725877 42732570
64735224 64741519
30687183 30694622
44154948 44162218
34946172 34953417
10611373 10621757
51163753 51170343
9309124 9316697
24665193 24671694
71452102 71462711
26311129 26319465
71206670 71216182
70504030 70514673
59367184 59378237
13366886 13376570
52256200 52264462
64833187 64841021
54041554 54050935
46039786 46051292
47816977 47822688
40270350 40281434
71027423 71037660
42369108 42378833
3561864 3568020
41127368 41138207
5742233 5752189
47288695 47295446
50944799 50953215
24862979 24871335
12119430 12127875
21960039 21966736
4430861 4439200
67840101 67849327
60732956 60740354
68687310 68694190
38968614 38976807
55485564 55495093
58847412 58854022
28735438 28742887
30445563 30458813
63759807 63767789
56173182 56184694
13427415 13436351
59945913 59954037
13147474 13158146
60464162 60474667
22820633 22826554
1836225 1842408
16645464 16652809
45517940 45524464
22780239 22788281
70824763 70833290
21420284 21428056
31558413 31567437
7663055 7670818
28498408 28508694
46497981 46508208
62493193 62502317
22289609 22298154
68583735 68593978
50974899 50981746
74000914 74009516
29738463 29745089
55298025 55304532
71316944 71325137
32613594 32620978
58502737 58511881
47126587 47135848
3797117 3806554
46120314 46130333
11980263 11989687
25168583 25176217
20942036 20951644
53679781 53686945
50979756 50988402
69506729 69516328
64577594 64586454
73076529 73083344
54949977 54957318
12339029 12349231
70472115 70483838
13164358 13172533
52768654 52777216
15436913 15444780
45992201 46003125
40033735 40040715
29284598 29293206
3653001 3661342
28200209 28211114
36698836 36706344
11486744 11499065
25301282 25311292
7756473 7764662
13185341 13193548
64080491 64091084
30317828 30325363
51989902 51998243
44693444 44699600
65060387 65069983
4368816 4376475
43114054 43120725
40538712 40545988
69136771 69145881
68161572 68171920
12135205 12147271
55303796 55309575
3395304 3404707
35235274 35243030
31917382 31925862
23499802 23509789
4878224 4888559
30949571 30961473
35914757 35926630
21574119 21584930
42711266 42717922
1130166 1142493
34043011 34051088
1072745 1079413
701261 710145
67086336 67094515
69581557 69591316
51828724 51840345
22370173 22380995
49988964 49999383
27552224 27561737
70379949 70391023
30628785 30639268
18427231 18434901
16826808 16836554
64686226 64692833
10391005 10400446
41433334 41442521
15997566 16009639
11691135 11700802
66479452 66490960
52984290 52992177
6262078 6273285
41330684 41341547
60936981 60942423
56318826 56327057
22143435 22150038
62209955 62222241
56339328 56349594
68045402 68052386
34616798 34627065
13872605 13883761
49114774 49125081
47295394 47301472
56795191 56804479
26710207 26719502
48624559 48633864
15018253 15026774
50933276 50940291
22255622 22263746
7245455 7253476
20928586 20935888
29147256 29152983
64530409 64539949
63418307 63429629
63409677 63420060
26048586 26055723
64260947 64272278
36469766 36475672
38907594 38916042
24130870 24139904
63537205 63543914
43717907 43724894
13042148 13053126
33105584 33111618
49229536 49239868
13226336 13234767
17753906 17761575
25572093 25582694
13685128 13691220
67271810 67278835
51594905 51601254
63752542 63760441
21243217 21253361
6217244 6226841
18187540 18197223
44254859 44262818
7883194 7893596
62265722 62276627
5338553 5344052
24596550 24605270
10308433 10315640
49245250 49253130
37373873 37381704
66417995 66428378
45759022 45765918
72596368 72602874
53978457 53988306
53961609 53972286
32273650 32283281
54307057 54316170
12514952 12525126
21251972 21261166
65300526 65312271
46820150 46827558
72227535 72237005
56869766 56880760
55140064 55147551
40974172 40982823
21628675 21637554
45218537 45228056
18907782 18919576
37183227 37192585
56530702 56539191
67724685 67732871
69669591 69679061
20114844 20122990
50086241 50095533
36492621 36503397
17871612 17880274
39828925 39838282
69521917 69530179
8528284 8535533
44617631 44626252
70406688 70416089
74538412 74548669
68003478 68013893
51307344 51315506
34096814 34105617
15521122 15529112
65409575 65418842
46752742 46759497
142945 152625
62598836 62609811
28966205 28972679
49259236 49272021
71069524 71078392
64506656 64516285
59217 65048
32718001 32728582
3831291 3841935
48615101 48625575
36133343 36139385
51016474 51022297
57636306 57646230
37143228 37153903
17879763 17887203
15241069 15250938
31001901 31011164
6284885 6296558
43987594 43998471
51083002 51089270
31851794 31863473
60752611 60762935
31891494 31902497
59012416 59019167
34625274 34634543
73782768 73790816
59508599 59518363
57957482 57964847
53890885 53900194
48403638 48412901
63451273 63457902
40614615 40626098
2168940 2179555
44908744 44915733
29698190 29707432
68921873 68931893
27886529 27895596
19697643 19706655
52759649 52770409
15392579 15403890
54144867 54152661
49109279 49115962
60234000 60241505
58629020 58635571
26413044 26421472
11593278 11601183
27316189 27324829
31066089 31076493
12790699 12796352
19786570 19797410
63823897 63835991
66744353 66754582
41299817 41310798
53620539 53628190
68290009 68296499
47574977 47585866
44798435 44806393
35123080 35133358
68372234 68381746
71179060 71184923
65212624 65224140
40108207 40114367
46758187 46765752
59637708 59644897
17574461 17584352
73509212 73517871
43952833 43964386
67460978 67468205
26824750 26835585
16302804 16310877
65270759 65279489
20150468 20162071
53057851 53065540
22022500 22032918
61348165 61358830
31050198 31060269
28874512 28882649
9324093 9333773
66673294 66680853
59441753 59451954
34360288 34367995
19063849 19073378
14711665 14722647
37828317 37836837
57189244 57198428
17183275 17191967
20718563 20728656
48288686 48299716
34322238 34335949
56324712 56335124
33752161 33758847
26632271 26641936
42649516 42655572
9573765 9585459
7174630 7182148
2623198 2632137
19847144 19858540
9186040 9194885
60977276 60984695
73240496 73248197
22497247 22505631
27412446 27424585
50631817 50641872
70773316 70780491
48829091 48837904
64425207 64431908
36342483 36350745
32342347 32351465
61760686 61769914
2348618 2358476
33430644 33443271
26511234 26520069
53043190 53049607
12525039 12534522
53027773 53037464
22624358 22632726
38578201 38590424
63609030 63617227
69664218 69670118
42467475 42475366
62587726 62595212
42699534 42707204
20209790 20218140
66784635 66792184
32118970 32129250
64942417 64952193
71687474 71696991
3721371 3729862
208610 217961
20312334 20318700
65715681 65724503
40339651 40349959
6140142 6149513
26468083 26475744
39534609 39540892
57396146 57403830
5864923 5873973
72930243 72938300
18718526 18729544
28085411 28095164
68072089 68082549
38597102 38604908
63630354 63640361
59748472 59756581
52298919 52304849
14946181 14954929
11128377 11136139
56106414 56115803
69435497 69443468
14761024 14769521
5022007 5029162
48253895 48259542
73139615 73148661
22977196 22989490
35040264 35049521
46677819 46684553
30054678 30064989
60566153 60577370
54379542 54389038
30380792 30389212
43723773 43733245
14245633 14253627
5872786 5880540
18978387 18987916
73051425 73059398
46483010 46493094
34025069 34035027
42597059 42603784
57430730 57441970
28491077 28499285
29128159 29136876
12934217 12944075
46214630 46222420
43468957 43478970
44977635 44991056
3185488 3193053
7434834 7442294
46079348 46086705
11260236 11270141
45623981 45635215
10282771 10292284
2020405 2028784
71550684 71557521
10621167 10627531
26585033 26593304
31923982 31935298
18626351 18635966
33439119 33452092
22988039 22998447
63038462 63045221
67237376 67247845
55164464 55176657
46330407 46339585
13132149 13142341
7213704 7223268
51792453 51804485
59576317 59585359
59927537 59937776
68212455 68224213
68342007 68351444
48877622 48884104
42142898 42152942
32648164 32657111
36273439 36282155
49149882 49158675
58353902 58367345
53517061 53525384
66178403 66189086
15209081 15220857
60576960 60586226
40639329 40647017
42965819 42974585
9499607 9507359
30856743 30866101
24445662 24455238
10275091 10283522
10237679 10248465
17375285 17383902
72127705 72138045
72946830 72953374
23138735 23150119
5043400 5051923
22458620 22469952
65466049 65474555
22428903 22437493
67813495 67819320
55289836 55299004
59064020 59073278
30419647 30425247
25941343 25948973
33886052 33895283
11044226 11053846
45289093 45296265
12687380 12697181
33305625 33313093
18045701 18055708
29039105 29046196
18212961 18220890
25962801 25970821
38071226 38077173
30614260 30622510
22313409 22320036
12582348 12592439
68433601 68443397
5706564 5715259
53591212 53598802
46292291 46299297
13052215 13059797
3675958 3684353
40478533 40486018
51320172 51331564
17902525 17910781
9176281 9181576
38456663 38464471
7523597 7535014
54104616 54114795
58278015 58287966
24830472 24842112
29624059 29636755
51941679 51951073
5446812 5456289
33696911 33704331
41358945 41365266
44756277 44766342
65763503 65773004
50340601 50347582
16851063 16857831
11297826 11308149
52553199 52564439
48797884 48808979
4281035 4291320
55661827 55673633
71979754 71988235
21460121 21470183
63494971 63502658
51458332 51470704
61910998 61921913
48592477 48601629
5276446 5287391
37349049 37357230
3874439 3882897
11653755 11663576
14018308 14028377
62257958 62266634
891868 900199
36939446 36945774
26639160 26647332
8875759 8886476
74278237 74284056
40847736 40855691
13375771 13385221
13171591 13179717
33534852 33544191
26224648 26234382
33327245 33337194
61256995 61265341
35296149 35305888
13598822 13608306
55811786 55818836
36323360 36329634
55711055 55717910
44234699 44246868
43228073 43237340
14522341 14531185
56606286 56614267
62350728 62356543
56482962 56492912
36847581 36856242
59197271 59205608
9982187 9990972
44117290 44125027
57008287 57017465
62774794 62782265
48342220 48351958
52791360 52800749
20545902 20554352
61869418 61875052
65041170 65051479
50918494 50925246
38297297 38304840
67831593 67843770
47135263 47141264
10513722 10525173
57257807 57266105
31988185 31996271
53738955 53747548
6606212 6615042
44954005 44963379
57835433 57842620
47396177 47408020
55495069 55500985
32562913 32572588
61775053 61785902
42629163 42635771
45557616 45565261
13590225 13601669
53425428 53435368
37324761 37332696
39114381 39122449
67426240 67433305
70185715 70198493
48466552 48474720
25693637 25702023
15478799 15488828
33061625 33069553
73393830 73403753
2234039 2244609
74079057 74086005
2867648 2878001
52128432 52134381
13337982 13347143
52576709 52585418
24429603 24439514
20343520 20351644
23525746 23536693
67763002 67769355
9541741 9550997
57997798 58008779
58744488 58754501
11526282 11535350
18926470 18932535
40517959 40525263
2725760 2737570
55355647 55361555
4251041 4260537
17050756 17060548
29352830 29361598
4416017 4424906
5823348 5833767
73842598 73852917
56755232 56762430
456470 466569
27394740 27401346
55477504 55488144
64254314 64262648
55147454 55152588
73126308 73134105
36894557 36907057
783760 791652
24469244 24477129
26460691 26468618
4535286 4542257
55074717 55085475
18664291 18672034
59209766 59219982
1206030 1213225
33672516 33683315
37577193 37587723
35991748 36001873
5249875 5260015
29743876 29751761
10879713 10891822
18315864 18323323
50393869 50403344
22871991 22880072
31090589 31098598
23119144 23127168
69288462 69297355
70913763 70921865
38686343 38694784
59427301 59434466
46815918 46821129
46542506 46552850
20337279 20345506
33665686 33675597
55545582 55555455
67141422 67153417
37560211 37568651
70297489 70305679
56856523 56865248
70158580 70166367
6776683 6782989
47585572 47594408
42314027 42323273
52633404 52641939
14117397 14126762
48243812 48253953
17069106 17078101
59851187 59862553
51385231 51392369
12830268 12836797
8429457 8441506
69000199 69009473
46298825 46305691
67669550 67678716
38052579 38064320
16810503 16821667
23423996 23432851
26986108 26994226
68658575 68668243
16557900 16566882
12295194 12304435
43445430 43455996
16358235 16367744
49877334 49889419
66559230 66567444
111146 118603
29676442 29686613
32632891 32642931
66960125 66970703
46367641 46376159
43942022 43948329
28356530 28367420
64888085 64894688
